Optimization results:
H = -0.439271
mu = -0.860813
sigma = 0.582034
